0      -350.6236   -0.0319    0.6201    1.9186    2.3796  511.0272
1      -382.6282   -0.0633    0.5979    1.8532    2.3369  513.4567
2      -409.4311   -0.1552    0.5309    1.6613    2.2093  510.9471
3      -430.6639   -0.3133    0.423     1.3561    2.0064  503.938 
4      -446.0484   -0.5326    0.286     0.9583    1.7431  492.8059
5      -455.2626   -0.8054    0.1388    0.4952    1.4391  477.652 
6      -458.0056   -1.1115    0.0007     -0.001754    1.1146  458.3819  
7      -454.1667   -1.4338   -0.1382   -0.4986    0.8064  434.9863
8      -443.9135   -1.7428   -0.2851   -0.9615    0.5356  407.7562
9      -427.5992   -2.0113   -0.4229   -1.359     0.3154  377.2456
10      -405.5682   -2.2186   -0.5291   -1.6639    0.1576  344.0414
11      -378.047    -2.346    -0.5943   -1.8556    0.0663  308.5827
12      -347.2018   -2.3848   -0.6167   -1.9211    0.0335  284.3888
13      -357.9945   -2.3451   -0.5952   -1.8557    0.0645  304.3353
14      -364.0336   -2.2155   -0.5275   -1.6641    0.1578  321.3228
15      -365.5221   -2.0194   -0.4197   -1.3592    0.3175  335.2679
16      -362.593    -1.7502   -0.2851   -0.9618    0.5335  345.9942
17      -355.215    -1.4419   -0.1377   -0.4989    0.805   372.9454
18      -343.2837   -1.11485   0.0011     -0.002078    1.1174  403.3341  
19      -326.815    -0.8071    0.1392    0.4949    1.4388  430.4575
20      -306.0743   -0.5335    0.2873    0.958     1.7489  454.2063
21      -294.4247   -0.3164    0.4217    1.3558    2.0149  474.5228
22      -285.7903   -0.1583    0.5279    1.6612    2.2143  491.1329
23      -314.1151   -0.0646    0.5964    1.8531    2.3366  503.4933
