0      -350.6236   -0.0319    0.6201    1.9186    2.3796  511.0272
1      -409.4311   -0.1552    0.5309    1.6613    2.2093  510.9471
2      -446.0484   -0.5326    0.286     0.9583    1.7431  492.8059
3        -458.0056     -1.1115      0.0007     -0.001754    1.1146    458.3819  
4      -443.9135   -1.7428   -0.2851   -0.9615    0.5356  407.7562
5      -405.5682   -2.2186   -0.5291   -1.6639    0.1576  344.0414
6      -347.2018   -2.3848   -0.6167   -1.9211    0.0335  284.3888
7      -364.0336   -2.2155   -0.5275   -1.6641    0.1578  321.3228
8      -362.593    -1.7502   -0.2851   -0.9618    0.5335  345.9942
9        -343.2837     -1.11485     0.0011     -0.002078    1.1174   403.3341  
10      -306.0743   -0.5335    0.2873    0.958     1.7489  454.2063
11      -285.7903   -0.1583    0.5279    1.6612    2.2143  491.1329
