n 80 sample 40000
vars [77.18802589 77.17094958 77.15001034 77.12663513 77.10241693 77.07900618
 77.05799827 77.04082487 77.02865631 77.02232186 77.0222532  77.028455
 77.04050464 77.05758094 77.07852018 77.1018954  77.12611359 77.14952435
 77.17053225 77.18770565 77.19987422 77.20620867 77.20627733 77.20007552]
np.sum(hist) 19.99999999999838
np.var(from hist)??  14.400963809202848
abs_sum  [82.28469361 81.99569745 81.23106598 80.18917195 79.14081956 78.35725314
 78.03813581 78.25875136 78.95052875 79.9200601  80.90147262 81.62808382
 81.90411198 81.65720976 80.95773961 79.99963364 79.04798603 78.36745084
 78.15066978 78.46595261 79.23827685 80.26874549 81.28733297 82.02482339]
0.4958388629346996 0.5556307009074468 0.487945494332985
elapsed 794.877161

80 + 2*cos(2*PHI)
param [0.43393425 2.04302834 3.58080053]
param [-0.91897184  0.40764653  0.78239784  4.0701361 ]
