# n 150 sample 10000
-1.00   0.154  -0.058   0.0013   1.000
-0.95   0.160  -0.060   0.0003   1.000
-0.90   0.168  -0.063   0.0001   1.000
-0.85   0.176  -0.065   0.0002   0.999
-0.80   0.186  -0.068   0.0012   0.999
-0.75   0.196  -0.071   0.0013   0.999
-0.70   0.207  -0.075   0.0006   0.999
-0.65   0.219  -0.077   0.0007   1.000
-0.60   0.233  -0.081  -0.0000   1.000
-0.55   0.248  -0.084  -0.0003   0.999
-0.50   0.265  -0.089  -0.0004   1.000
-0.45   0.284  -0.095  -0.0006   0.999
-0.40   0.307  -0.099  -0.0015   0.999
-0.35   0.332  -0.103  -0.0003   1.000
-0.30   0.363  -0.110  -0.0008   0.999
-0.25   0.400  -0.115  -0.0025   1.000
-0.20   0.444  -0.123  -0.0023   0.999
-0.15   0.501  -0.128  -0.0025   1.000
-0.10   0.579  -0.133  -0.0019   0.999
-0.05   0.689  -0.124  -0.0052   1.000
0.00   0.811   0.000  -0.0010   0.311
0.05   0.689   0.124  -0.0049   1.000
0.10   0.579   0.133  -0.0023   0.999
0.15   0.501   0.128  -0.0026   1.000
0.20   0.444   0.123  -0.0022   0.999
0.25   0.400   0.115  -0.0024   1.000
0.30   0.363   0.110  -0.0013   0.999
0.35   0.332   0.103  -0.0004   1.000
0.40   0.307   0.099  -0.0012   0.999
0.45   0.284   0.094  -0.0008   0.999
0.50   0.265   0.089  -0.0002   1.000
0.55   0.248   0.084  -0.0004   1.000
0.60   0.232   0.081  -0.0002   1.000
0.65   0.219   0.077   0.0004   0.999
0.70   0.207   0.075   0.0008   0.999
0.75   0.196   0.071   0.0016   0.999
0.80   0.186   0.067   0.0009   0.999
0.85   0.176   0.065   0.0003   0.999
0.90   0.168   0.063   0.0001   1.000
0.95   0.160   0.060   0.0003   1.000
1.00   0.154   0.058   0.0012   1.000
