# n 95 sample 10000
-1.00   0.157  -0.066   0.0005   1.000
-0.95   0.164  -0.069   0.0001   0.999
-0.90   0.172  -0.071  -0.0008   0.999
-0.85   0.180  -0.074   0.0008   0.999
-0.80   0.190  -0.077   0.0001   0.999
-0.75   0.201  -0.081  -0.0009   0.999
-0.70   0.212  -0.084   0.0007   1.000
-0.65   0.223  -0.087  -0.0004   1.000
-0.60   0.238  -0.091  -0.0007   1.000
-0.55   0.252  -0.097   0.0012   1.000
-0.50   0.269  -0.100   0.0001   1.000
-0.45   0.288  -0.104  -0.0005   1.000
-0.40   0.308  -0.110  -0.0009   0.999
-0.35   0.332  -0.115  -0.0027   1.000
-0.30   0.361  -0.121  -0.0014   1.000
-0.25   0.395  -0.128  -0.0002   0.999
-0.20   0.436  -0.131  -0.0025   0.999
-0.15   0.485  -0.135  -0.0030   1.000
-0.10   0.549  -0.135  -0.0033   1.000
-0.05   0.636  -0.121  -0.0040   0.998
0.00   0.725   0.000  -0.0068   0.667
0.05   0.637   0.120  -0.0039   0.998
0.10   0.549   0.135  -0.0035   1.000
0.15   0.485   0.135  -0.0027   1.000
0.20   0.436   0.130  -0.0026   0.999
0.25   0.395   0.128   0.0004   0.999
0.30   0.361   0.121  -0.0013   1.000
0.35   0.332   0.115  -0.0026   1.000
0.40   0.309   0.110  -0.0004   0.999
0.45   0.287   0.104  -0.0007   1.000
0.50   0.269   0.100   0.0000   1.000
0.55   0.252   0.096   0.0012   1.000
0.60   0.238   0.092  -0.0005   1.000
0.65   0.223   0.087  -0.0006   1.000
0.70   0.212   0.083   0.0006   1.000
0.75   0.200   0.081  -0.0013   0.999
0.80   0.190   0.077   0.0002   0.999
0.85   0.180   0.074   0.0012   0.999
0.90   0.172   0.071  -0.0008   0.999
0.95   0.164   0.069   0.0001   0.999
1.00   0.157   0.066   0.0004   1.000
