# n 80 sample 40000
-8.00   0.008  -0.004   0.0000   0.993
-7.95   0.008  -0.005   0.0001   0.999
-7.90   0.008  -0.005   0.0002   0.998
-7.85   0.008  -0.005   0.0002   0.996
-7.80   0.008  -0.005   0.0001   0.999
-7.75   0.008  -0.005  -0.0000   0.999
-7.70   0.008  -0.005   0.0000   0.998
-7.65   0.009  -0.005   0.0001   0.999
-7.60   0.009  -0.005   0.0001   0.997
-7.55   0.009  -0.005   0.0001   0.998
-7.50   0.009  -0.005   0.0001   0.999
-7.45   0.009  -0.005  -0.0000   0.999
-7.40   0.009  -0.005   0.0001   0.998
-7.35   0.009  -0.005   0.0002   0.998
-7.30   0.009  -0.005   0.0001   0.999
-7.25   0.009  -0.005   0.0002   0.999
-7.20   0.010  -0.005   0.0001   0.999
-7.15   0.010  -0.005   0.0000   0.999
-7.10   0.010  -0.005   0.0000   0.997
-7.05   0.010  -0.006   0.0001   0.999
-7.00   0.010  -0.006   0.0001   0.999
-6.95   0.010  -0.006   0.0002   0.999
-6.90   0.010  -0.006   0.0002   0.999
-6.85   0.011  -0.006   0.0001   0.999
-6.80   0.011  -0.006   0.0001   0.998
-6.75   0.011  -0.006   0.0002   0.998
-6.70   0.011  -0.006   0.0001   0.998
-6.65   0.011  -0.006   0.0002   0.997
-6.60   0.011  -0.006   0.0001   0.999
-6.55   0.011  -0.006   0.0002   0.999
-6.50   0.011  -0.006   0.0001   0.998
-6.45   0.012  -0.007   0.0001   0.999
-6.40   0.012  -0.007   0.0001   0.999
-6.35   0.012  -0.007   0.0002   0.998
-6.30   0.012  -0.007   0.0001   0.999
-6.25   0.012  -0.007   0.0002   0.998
-6.20   0.012  -0.007  -0.0000   0.998
-6.15   0.013  -0.007   0.0003   0.999
-6.10   0.013  -0.007  -0.0001   0.999
-6.05   0.013  -0.007   0.0001   0.999
-6.00   0.013  -0.007   0.0001   1.000
-5.95   0.013  -0.007   0.0001   0.999
-5.90   0.013  -0.008   0.0003   0.999
-5.85   0.014  -0.008   0.0001   0.999
-5.80   0.014  -0.008   0.0000   0.998
-5.75   0.014  -0.008   0.0001   0.999
-5.70   0.014  -0.008   0.0001   0.999
-5.65   0.014  -0.008   0.0002   1.000
-5.60   0.015  -0.008   0.0000   0.999
-5.55   0.015  -0.008   0.0001   0.999
-5.50   0.015  -0.008   0.0003   0.999
-5.45   0.015  -0.008   0.0003   0.999
-5.40   0.016  -0.009   0.0001   0.999
-5.35   0.016  -0.008   0.0001   0.999
-5.30   0.016  -0.009   0.0001   0.999
-5.25   0.016  -0.009   0.0003   0.999
-5.20   0.017  -0.009   0.0002   0.998
-5.15   0.017  -0.009   0.0001   0.999
-5.10   0.017  -0.009   0.0002   0.998
-5.05   0.017  -0.009   0.0002   0.998
-5.00   0.017  -0.010   0.0002   0.999
-4.95   0.018  -0.010   0.0002   1.000
-4.90   0.018  -0.010   0.0001   0.999
-4.85   0.018  -0.010   0.0003   0.999
-4.80   0.019  -0.010   0.0002   0.999
-4.75   0.019  -0.010   0.0001   0.999
-4.70   0.019  -0.011   0.0001   0.999
-4.65   0.020  -0.011  -0.0000   0.998
-4.60   0.020  -0.011  -0.0000   0.999
-4.55   0.020  -0.011   0.0000   0.999
-4.50   0.021  -0.011   0.0002   0.999
-4.45   0.021  -0.011   0.0003   0.998
-4.40   0.021  -0.011   0.0000   0.999
-4.35   0.022  -0.012   0.0001   0.999
-4.30   0.022  -0.012   0.0000   0.999
-4.25   0.023  -0.012   0.0003   0.999
-4.20   0.023  -0.012   0.0001   0.999
-4.15   0.023  -0.012   0.0000   0.999
-4.10   0.024  -0.013   0.0000   1.000
-4.05   0.024  -0.013   0.0001   1.000
-4.00   0.025  -0.013   0.0000   0.999
-3.95   0.025  -0.013   0.0003   0.999
-3.90   0.026  -0.013   0.0002   0.998
-3.85   0.026  -0.014   0.0003   0.999
-3.80   0.027  -0.014  -0.0000   0.998
-3.75   0.027  -0.014   0.0003   0.999
-3.70   0.028  -0.015   0.0001   1.000
-3.65   0.028  -0.015   0.0003   0.998
-3.60   0.029  -0.015   0.0003   0.999
-3.55   0.029  -0.015   0.0002   0.999
-3.50   0.030  -0.016   0.0002   0.999
-3.45   0.030  -0.016  -0.0001   0.999
-3.40   0.031  -0.016   0.0001   1.000
-3.35   0.032  -0.016   0.0002   0.999
-3.30   0.032  -0.017   0.0004   1.000
-3.25   0.033  -0.017   0.0002   1.000
-3.20   0.034  -0.017   0.0001   0.999
-3.15   0.035  -0.018  -0.0001   1.000
-3.10   0.035  -0.018   0.0000   1.000
-3.05   0.036  -0.019   0.0002   0.999
-3.00   0.037  -0.019   0.0004   0.999
-2.95   0.038  -0.019  -0.0001   1.000
-2.90   0.039  -0.019  -0.0001   1.000
-2.85   0.039  -0.020   0.0001   1.000
-2.80   0.041  -0.021   0.0003   0.999
-2.75   0.041  -0.021   0.0001   1.000
-2.70   0.042  -0.021   0.0000   1.000
-2.65   0.043  -0.022  -0.0002   1.000
-2.60   0.044  -0.022  -0.0000   0.999
-2.55   0.046  -0.023   0.0002   1.000
-2.50   0.047  -0.024   0.0001   1.000
-2.45   0.048  -0.024  -0.0002   0.999
-2.40   0.049  -0.024  -0.0002   1.000
-2.35   0.050  -0.025   0.0001   1.000
-2.30   0.052  -0.025   0.0001   1.000
-2.25   0.053  -0.026   0.0004   1.000
-2.20   0.055  -0.026   0.0001   1.000
-2.15   0.056  -0.028   0.0005   1.000
-2.10   0.058  -0.028  -0.0001   1.000
-2.05   0.059  -0.029   0.0001   1.000
-2.00   0.061  -0.030   0.0003   0.999
-1.95   0.063  -0.031   0.0002   1.000
-1.90   0.065  -0.031   0.0002   1.000
-1.85   0.067  -0.032  -0.0001   1.000
-1.80   0.069  -0.033   0.0003   1.000
-1.75   0.071  -0.034   0.0005   1.000
-1.70   0.073  -0.035   0.0006   0.999
-1.65   0.076  -0.036  -0.0000   1.000
-1.60   0.079  -0.037   0.0002   1.000
-1.55   0.081  -0.038  -0.0003   1.000
-1.50   0.084  -0.040   0.0002   1.000
-1.45   0.087  -0.040   0.0005   1.000
-1.40   0.090  -0.041   0.0001   1.000
-1.35   0.093  -0.043  -0.0001   1.000
-1.30   0.097  -0.044  -0.0000   1.000
-1.25   0.101  -0.045  -0.0001   1.000
-1.20   0.105  -0.047  -0.0003   1.000
-1.15   0.109  -0.049  -0.0001   1.000
-1.10   0.114  -0.050   0.0001   1.000
-1.05   0.119  -0.053   0.0002   1.000
-1.00   0.124  -0.054  -0.0001   1.000
-0.95   0.130  -0.057  -0.0003   1.000
-0.90   0.136  -0.059   0.0005   1.000
-0.85   0.143  -0.061   0.0002   1.000
-0.80   0.150  -0.063  -0.0005   1.000
-0.75   0.158  -0.065  -0.0008   1.000
-0.70   0.166  -0.068  -0.0006   1.000
-0.65   0.176  -0.071  -0.0005   1.000
-0.60   0.186  -0.074  -0.0006   1.000
-0.55   0.198  -0.077  -0.0004   1.000
-0.50   0.211  -0.081  -0.0005   1.000
-0.45   0.225  -0.084  -0.0010   1.000
-0.40   0.241  -0.088  -0.0011   1.000
-0.35   0.260  -0.092  -0.0010   1.000
-0.30   0.281  -0.096  -0.0011   1.000
-0.25   0.307  -0.100  -0.0017   1.000
-0.20   0.337  -0.105  -0.0024   1.000
-0.15   0.375  -0.107  -0.0032   1.000
-0.10   0.422  -0.105  -0.0034   1.000
-0.05   0.487  -0.093  -0.0044   1.000
-0.00   0.549   0.000  -0.0056   0.950
0.05   0.487   0.093  -0.0045   1.000
0.10   0.422   0.105  -0.0034   1.000
0.15   0.375   0.107  -0.0031   1.000
0.20   0.337   0.105  -0.0024   1.000
0.25   0.307   0.100  -0.0018   1.000
0.30   0.281   0.096  -0.0012   1.000
0.35   0.260   0.092  -0.0009   1.000
0.40   0.241   0.088  -0.0010   1.000
0.45   0.225   0.084  -0.0009   1.000
0.50   0.211   0.081  -0.0006   1.000
0.55   0.198   0.077  -0.0005   1.000
0.60   0.186   0.074  -0.0005   1.000
0.65   0.176   0.071  -0.0005   1.000
0.70   0.166   0.068  -0.0007   1.000
0.75   0.158   0.065  -0.0008   1.000
0.80   0.150   0.063  -0.0005   1.000
0.85   0.143   0.061   0.0002   1.000
0.90   0.136   0.059   0.0005   1.000
0.95   0.130   0.057  -0.0002   1.000
1.00   0.124   0.054  -0.0000   1.000
1.05   0.119   0.053   0.0000   1.000
1.10   0.114   0.050   0.0001   1.000
1.15   0.109   0.049  -0.0000   1.000
1.20   0.105   0.047  -0.0003   1.000
1.25   0.101   0.045  -0.0001   1.000
1.30   0.097   0.044   0.0000   1.000
1.35   0.093   0.043  -0.0000   1.000
1.40   0.090   0.041   0.0002   1.000
1.45   0.087   0.040   0.0005   1.000
1.50   0.084   0.040   0.0002   1.000
1.55   0.081   0.038  -0.0004   1.000
1.60   0.079   0.037   0.0002   1.000
1.65   0.076   0.036   0.0000   1.000
1.70   0.073   0.035   0.0005   0.999
1.75   0.071   0.034   0.0005   1.000
1.80   0.069   0.033   0.0002   1.000
1.85   0.067   0.032  -0.0000   1.000
1.90   0.065   0.031   0.0001   1.000
1.95   0.063   0.031   0.0002   1.000
2.00   0.061   0.030   0.0003   0.999
2.05   0.059   0.029   0.0001   1.000
2.10   0.058   0.028  -0.0000   1.000
2.15   0.056   0.028   0.0006   1.000
2.20   0.055   0.027   0.0001   1.000
2.25   0.053   0.026   0.0005   1.000
2.30   0.052   0.025   0.0000   1.000
2.35   0.050   0.025   0.0001   1.000
2.40   0.049   0.024  -0.0002   1.000
2.45   0.048   0.024  -0.0003   0.999
2.50   0.047   0.024   0.0001   1.000
2.55   0.046   0.023   0.0002   1.000
2.60   0.044   0.022  -0.0000   0.999
2.65   0.043   0.022  -0.0001   1.000
2.70   0.042   0.021   0.0001   1.000
2.75   0.041   0.021   0.0001   1.000
2.80   0.041   0.021   0.0003   0.999
2.85   0.039   0.020   0.0001   1.000
2.90   0.039   0.020  -0.0000   0.999
2.95   0.038   0.019  -0.0001   1.000
3.00   0.037   0.019   0.0005   0.999
3.05   0.036   0.019   0.0002   0.999
3.10   0.035   0.018   0.0000   1.000
3.15   0.035   0.018  -0.0001   1.000
3.20   0.034   0.017   0.0001   0.999
3.25   0.033   0.017   0.0001   1.000
3.30   0.032   0.017   0.0004   1.000
3.35   0.032   0.016   0.0002   0.999
3.40   0.031   0.016   0.0000   1.000
3.45   0.030   0.016  -0.0002   0.999
3.50   0.030   0.016   0.0001   0.999
3.55   0.029   0.015   0.0001   0.999
3.60   0.029   0.015   0.0003   0.999
3.65   0.028   0.015   0.0002   0.998
3.70   0.028   0.015   0.0002   1.000
3.75   0.027   0.014   0.0002   0.999
3.80   0.027   0.014   0.0001   0.999
3.85   0.026   0.014   0.0003   0.999
3.90   0.026   0.014   0.0002   0.998
3.95   0.025   0.013   0.0003   0.999
4.00   0.025   0.013   0.0000   0.999
4.05   0.024   0.013   0.0002   1.000
4.10   0.024   0.013   0.0000   1.000
4.15   0.023   0.012  -0.0000   0.999
4.20   0.023   0.012   0.0002   0.999
4.25   0.023   0.012   0.0003   0.999
4.30   0.022   0.012   0.0000   0.999
4.35   0.022   0.012   0.0001   0.999
4.40   0.021   0.011   0.0000   0.999
4.45   0.021   0.011   0.0003   0.998
4.50   0.020   0.011   0.0001   0.999
4.55   0.020   0.011   0.0001   0.999
4.60   0.020   0.011  -0.0000   0.999
4.65   0.020   0.010  -0.0001   0.997
4.70   0.019   0.011   0.0001   0.999
4.75   0.019   0.010   0.0001   0.999
4.80   0.019   0.010   0.0001   0.999
4.85   0.018   0.010   0.0003   0.999
4.90   0.018   0.010   0.0001   0.999
4.95   0.018   0.010   0.0001   1.000
5.00   0.017   0.010   0.0002   0.999
5.05   0.017   0.009   0.0002   0.998
5.10   0.017   0.009   0.0002   0.998
5.15   0.017   0.009   0.0001   0.999
5.20   0.017   0.009   0.0002   0.998
5.25   0.016   0.009   0.0003   0.999
5.30   0.016   0.009   0.0001   0.999
5.35   0.016   0.008   0.0001   0.999
5.40   0.016   0.009   0.0001   0.999
5.45   0.015   0.008   0.0003   0.999
5.50   0.015   0.008   0.0003   0.999
5.55   0.015   0.008   0.0002   0.999
5.60   0.015   0.008   0.0000   0.999
5.65   0.014   0.008   0.0002   1.000
5.70   0.014   0.008   0.0001   0.999
5.75   0.014   0.008   0.0002   0.998
5.80   0.014   0.008   0.0000   0.998
5.85   0.014   0.008   0.0001   0.999
5.90   0.013   0.008   0.0002   0.999
5.95   0.013   0.007   0.0001   0.999
6.00   0.013   0.007   0.0001   1.000
6.05   0.013   0.007   0.0001   0.999
6.10   0.013   0.007  -0.0001   0.999
6.15   0.013   0.007   0.0003   0.999
6.20   0.012   0.007  -0.0000   0.998
6.25   0.012   0.007   0.0002   0.998
6.30   0.012   0.007   0.0001   0.999
6.35   0.012   0.007   0.0002   0.998
6.40   0.012   0.007   0.0001   0.999
6.45   0.012   0.007   0.0002   0.999
6.50   0.011   0.006   0.0000   0.998
6.55   0.011   0.006   0.0002   0.999
6.60   0.011   0.006   0.0001   0.999
6.65   0.011   0.006   0.0002   0.997
6.70   0.011   0.006   0.0001   0.998
6.75   0.011   0.006   0.0002   0.998
6.80   0.011   0.006   0.0001   0.998
6.85   0.011   0.006   0.0001   0.998
6.90   0.010   0.006   0.0002   0.999
6.95   0.010   0.006   0.0002   0.999
7.00   0.010   0.006   0.0001   0.999
7.05   0.010   0.006   0.0001   0.999
7.10   0.010   0.005   0.0000   0.997
7.15   0.010   0.005   0.0000   0.999
7.20   0.010   0.005   0.0001   0.999
7.25   0.009   0.005   0.0002   0.999
7.30   0.009   0.005   0.0001   0.999
7.35   0.009   0.005   0.0002   0.998
7.40   0.009   0.005   0.0001   0.998
7.45   0.009   0.005  -0.0000   0.999
7.50   0.009   0.005   0.0001   0.999
7.55   0.009   0.005   0.0001   0.998
7.60   0.009   0.005   0.0001   0.997
7.65   0.009   0.005   0.0001   0.999
7.70   0.008   0.005   0.0000   0.997
7.75   0.008   0.005   0.0000   0.998
7.80   0.008   0.005   0.0001   0.999
7.85   0.008   0.005   0.0002   0.996
7.90   0.008   0.005   0.0002   0.998
7.95   0.008   0.005   0.0000   0.999
8.00   0.008   0.004  -0.0000   0.991
