0      -68.5965    0.1134    0.8517    2.0001    2.5403  165.192 
1      -78.26118   0.08951   0.82099   1.93199   2.49408 163.50712
2      -87.66891   0.01668   0.73178   1.73219   2.35157 162.39415
3      -96.5264    -0.1352   0.5916    1.4143    2.1226  159.0628
4      -104.5378   -0.3878    0.4108    1.0001    1.8151  153.6356
5      -111.417    -0.7168    0.2067    0.5178    1.4627  146.2983
6      -120.97     -1.0817    0.00168    0.0001    1.089   137.292
7      -130.5952   -1.4566   -0.2025   -0.5175    0.7171  126.9011
8      -140.3714   -1.81     -0.4053   -0.9999    0.3904  115.4443
9      -148.4986   -2.1121   -0.5852   -1.4141    0.1364  103.2585
10     -154.7362   -2.338    -0.7258   -1.7319   -0.016    90.6869
11     -158.89977   -2.4794   -0.8159    -1.932   -0.08721   78.06515
12      -160.869    -2.5277   -0.8467   -1.9999   -0.1122   68.9371
13     -160.59206   -2.48121   -0.817   -1.93176   -0.089   80.76797
14     -158.08816   -2.33419   -0.729   -1.73196   -0.016   92.86819
15      -153.446    -2.1045   -0.5891   -1.4141    0.1365  104.9495
16      -146.8202   -1.8034   -0.4096   -0.9999    0.388   116.7049
17      -138.4243   -1.4508   -0.2052   -0.5175    0.7173  127.8198
18      -128.5221   -1.0825   -0.0009    0.0001    1.0841  137.9844269 
19      -117.4161   -0.7154    0.2055    0.5177    1.4623  146.9057
20      -105.4357   -0.3855    0.4087    1.0001    1.8104  154.3195
21      -92.9232    -0.1336   0.5883     1.4143   2.1078  160.0013
22      -80.22103   0.01842   0.73174   1.73217   2.33935 163.77596
23      -67.65831   0.08969   0.82151   1.93198   2.48905 165.52505
