0      -84.7625   0.1143   0.8579   1.997    2.5565 158.8702
1      -76.8866   0.0909   0.8295   1.9304   2.5153 154.7483
2      -86.2783   0.0179   0.7431   1.7323   2.3766 154.7315
3      -96.2466  -0.1431   0.6019   1.4161   2.1498 154.0333
4      -106.1332   -0.4014    0.4199    1.0034    1.8437  152.7314
5      -115.1783   -0.7337    0.2131    0.5223    1.4909  150.7701
6      -122.7254   -1.1016    0.0041    0.005702  1.1174  147.9657  
7      -133.4615   -1.4794   -0.2065   -0.5113    0.7434  144.0379
8      -141.9612   -1.8312   -0.4119   -0.9934    0.4097  138.6602
9      -148.1517   -2.1294   -0.5911   -1.4078    0.1444  133.0389
10      -152.1421   -2.3532   -0.7301   -1.7262   -0.0166  127.074 
11      -154.1787   -2.4939   -0.8196   -1.92704  -0.08795  118.533  
12      -154.59     -2.54     -0.852    -1.9965   -0.1124  107.3485
13      -153.7286   -2.4979   -0.8246   -1.93     -0.09     93.8192
14      -151.9158   -2.3588   -0.7394   -1.7319   -0.0163   84.7196
15      -149.3912   -2.1318   -0.5987   -1.4158    0.1456  101.1893
16      -146.2765   -1.8331   -0.4176   -1.0031    0.4036  117.9157
17      -142.5583   -1.4807   -0.2114   -0.5222    0.7356  133.5365
18      -138.0959   -1.1116    -0.0027  -0.00556    1.1056   146.8246 
19      -132.653    -0.7406    0.2094    0.5114    1.4868  156.8882
20      -125.9495   -0.4052    0.4159    0.9936    1.8344  163.2923
21      -117.7248   -0.1423    0.5963    1.4081    2.1275  166.0853
22      -107.8059    0.0195    0.7375    1.7266    2.354   165.739 
23      -96.1715    0.0907   0.8256   1.9275   2.5019 163.0266
