0       -92.6937    0.1139    0.8496   1.9333   2.5282 165.5149
1      -107.6431    0.0011    0.7337    1.6771    2.3521  163.0579
2      -117.8764   -0.4234    0.4116    0.9715    1.8325  158.5847
3      -122.7342   -1.1017      0.004       0.005607    1.1174 147.9753  
4      -141.5603   -1.818    -0.4012   -0.9617    0.4335  131.6019
5      -154.4062   -2.3334   -0.723    -1.6713    0.0027  110.0751
6      -160.4631   -2.513    -0.8441   -1.9331   -0.1118   92.2436
7      -159.5189   -2.3345   -0.7305   -1.6769    0.0007  113.4035
8      -151.8843   -1.819    -0.4093   -0.9713    0.426   131.8644
9      -138.1236   -1.1115     -0.0026     -0.005465    1.1056 146.8297  
10     -118.9438   -0.4295    0.4052    0.9619    1.8214  157.7525
11      -95.4423    0.0011   0.73     1.6715   2.3355 164.1372
